1 145632.57
101 101169.06
10101 15023.63
1010101 0.00
1010102 0.00
1010103 15023.63
10102 74372.69
1010201 0.00
101020101 0.00
10102010101 0.00
10102010102 0.00
10102010103 0.00
10102010104 0.00
10102010105 0.00
10102010106 0.00
101020102 0.00
10102010201 0.00
10102010202 0.00
10102010203 0.00
10102010204 0.00
10102010205 0.00
10102010206 0.00
10102010207 0.00
10102010208 0.00
10102010209 0.00
10102010210 0.00
10102010211 0.00
10102010212 0.00
10102010213 0.00
10102010214 0.00
10102010215 0.00
10102010216 0.00
10102010217 0.00
10102010218 0.00
10102010219 0.00
10102010220 0.00
10102010221 0.00
10102010222 0.00
10102010223 0.00
101020103 0.00
10102010301 0.00
10102010302 0.00
10102010303 0.00
10102010304 0.00
1010202 0.00
101020201 0.00
10102020101 0.00
10102020102 0.00
10102020103 0.00
10102020104 0.00
10102020105 0.00
10102020106 0.00
101020202 0.00
10102020201 0.00
10102020202 0.00
10102020203 0.00
10102020204 0.00
10102020205 0.00
10102020206 0.00
10102020207 0.00
10102020208 0.00
10102020209 0.00
10102020210 0.00
10102020211 0.00
10102020212 0.00
10102020213 0.00
10102020214 0.00
10102020215 0.00
10102020216 0.00
10102020217 0.00
10102020218 0.00
10102020219 0.00
10102020220 0.00
10102020221 0.00
10102020222 0.00
10102020223 0.00
1010203 0.00
101020302 0.00
10102030201 0.00
10102030202 0.00
10102030203 0.00
10102030204 0.00
10102030205 0.00
10102030206 0.00
10102030207 0.00
10102030208 0.00
10102030209 0.00
10102030210 0.00
10102030211 0.00
10102030212 0.00
10102030213 0.00
10102030214 0.00
10102030215 0.00
10102030216 0.00
10102030217 0.00
10102030218 0.00
10102030219 0.00
10102030220 0.00
10102030221 0.00
10102030222 0.00
10102030223 0.00
1010204 0.00
101020401 0.00
101020402 0.00
101020403 0.00
1010205 74834.92
101020501 74834.92
10102050101 74834.92
10102050102 0.00
101020502 0.00
10102050201 0.00
10102050202 0.00
10102050203 0.00
10102050204 0.00
10102050207 0.00
10102050208 0.00
10102050209 0.00
10102050210 0.00
10102050211 0.00
10102050212 0.00
10102050213 0.00
10102050214 0.00
10102050215 0.00
10102050216 0.00
10102050217 0.00
10102050218 0.00
10102050219 0.00
10102050220 0.00
10102050221 0.00
1010206 0.00
101020601 0.00
101020602 0.00
101020603 0.00
101020604 0.00
1010207 -462.23
10103 0.00
1010301 0.00
1010302 0.00
1010303 0.00
1010304 0.00
1010305 0.00
1010306 0.00
1010307 0.00
1010308 0.00
1010309 0.00
1010310 0.00
1010311 0.00
1010312 0.00
1010313 0.00
10104 2600.26
1010401 0.00
1010402 0.00
1010403 0.00
1010404 2600.26
10105 9172.48
1010501 0.00
1010502 9172.48
1010503 0.00
10106 0.00
10107 0.00
10108 0.00
102 44463.51
10201 44463.51
1020101 0.00
1020102 0.00
1020103 0.00
1020104 0.00
1020105 1976.70
1020106 209001.71
1020107 0.00
1020108 7489.26
1020109 58922.96
1020110 0.00
1020111 0.00
1020112 -232927.12
1020113 0.00
1020114 0.00
102011401 0.00
102011402 0.00
102011403 0.00
10202 0.00
1020201 0.00
102020101 0.00
102020102 0.00
1020202 0.00
102020201 0.00
102020202 0.00
1020203 0.00
1020204 0.00
10203 0.00
1020301 0.00
1020302 0.00
1020303 0.00
1020304 0.00
1020305 0.00
1020306 0.00
10204 0.00
1020401 0.00
1020402 0.00
1020403 0.00
1020404 0.00
1020405 0.00
1020406 0.00
1020407 0.00
10205 0.00
10206 0.00
1020601 0.00
1020602 0.00
1020603 0.00
1020604 0.00
1020605 0.00
1020606 0.00
10207 0.00
1020701 0.00
1020702 0.00
1020703 0.00
10208 0.00
1020801 0.00
1020802 0.00
1020803 0.00
1020805 0.00
1020806 0.00
1020807 0.00
1020808 0.00
1020809 0.00
1020810 0.00
1020811 0.00
10209 0.00
1020901 0.00
1020902 0.00
1020903 0.00
10210 0.00
1021001 0.00
1021002 0.00
1021003 0.00
1021004 0.00
2 40525.66
201 10814.66
20101 0.00
20102 0.00
20103 3005.91
2010301 3005.91
201030101 0.00
201030102 3005.91
201030103 0.00
2010302 0.00
201030201 0.00
201030202 0.00
201030203 0.00
20104 0.00
2010401 0.00
2010402 0.00
20105 0.00
2010501 0.00
2010502 0.00
20106 0.00
2010601 0.00
2010602 0.00
2010603 0.00
2010604 0.00
2010605 0.00
20107 7808.75
2010701 798.30
2010702 4744.17
2010703 643.29
2010704 735.37
2010705 887.62
2010706 0.00
2010707 0.00
20108 0.00
2010801 0.00
201080101 0.00
201080102 0.00
201080103 0.00
201080104 0.00
2010802 0.00
201080201 0.00
201080202 0.00
201080203 0.00
201080204 0.00
20109 0.00
20110 0.00
2011001 0.00
2011002 0.00
20111 0.00
20112 0.00
2011201 0.00
2011202 0.00
20113 0.00
2011301 0.00
2011302 0.00
2011303 0.00
2011304 0.00
2011305 0.00
2011306 0.00
2011307 0.00
2011308 0.00
2011309 0.00
2011310 0.00
2011311 0.00
2011312 0.00
20114 0.00
202 29711.00
20201 0.00
20202 0.00
2020201 0.00
202020101 0.00
202020102 0.00
202020103 0.00
2020202 0.00
202020201 0.00
202020202 0.00
202020203 0.00
20203 0.00
2020301 0.00
2020302 0.00
20204 25471.27
2020401 25471.27
202040101 0.00
202040102 0.00
202040103 0.00
202040104 25471.27
2020402 0.00
202040201 0.00
202040202 0.00
202040203 0.00
202040204 0.00
20205 0.00
2020501 0.00
2020502 0.00
2020503 0.00
2020504 0.00
2020505 0.00
20206 0.00
2020601 0.00
2020602 0.00
20207 4239.73
2020701 0.00
2020702 4239.73
20208 0.00
20209 0.00
2020901 0.00
2020902 0.00
20210 0.00
3 105106.91
30 105106.91
301 400.00
30101 400.00
30102 0.00
30103 0.00
30104 0.00
30105 0.00
3010501 0.00
3010502 0.00
302 0.00
303 0.00
304 38231.50
30401 1847.40
30402 36384.10
305 0.00
30501 0.00
30502 0.00
30503 0.00
30504 0.00
306 66441.22
30601 66441.22
30602 0.00
30603 0.00
30604 0.00
30605 0.00
30606 0.00
30607 0.00
307 34.19
30701 34.19
30702 0.00
31 0.00
