401 305726.95
40101 0.00
40102 305726.95
4010201 0.00
4010202 0.00
4010203 0.00
4010204 305726.95
40103 0.00
40104 0.00
40105 0.00
40106 0.00
4010601 0.00
4010602 0.00
4010603 0.00
40107 0.00
40108 0.00
40109 0.00
4010901 0.00
401090101 0.00
401090103 0.00
401090104 0.00
401090105 0.00
401090106 0.00
4010902 0.00
401090201 0.00
401090202 0.00
401090203 0.00
401090204 0.00
401090205 0.00
401090206 0.00
401090207 0.00
401090208 0.00
4010903 0.00
401090301 0.00
401090302 0.00
401090303 0.00
401090304 0.00
40110 0.00
4011001 0.00
4011002 0.00
4011003 0.00
4011004 0.00
4011005 0.00
4011006 0.00
40112 0.00
40113 0.00
40114 0.00
40115 0.00
40116 0.00
402 0.00
403 0.00
40301 0.00
40302 0.00
40303 0.00
501 6261.46
50101 0.00
5010101 0.00
5010102 0.00
5010103 0.00
5010104 0.00
5010105 0.00
5010106 0.00
5010107 0.00
5010108 0.00
5010109 0.00
5010110 0.00
5010111 0.00
5010112 0.00
50102 213.18
5010201 213.18
5010202 0.00
50103 5865.61
5010301 5865.61
5010302 0.00
50104 182.67
5010401 0.00
5010402 0.00
5010403 0.00
5010404 0.00
5010405 0.00
5010406 0.00
5010407 0.00
5010408 182.67
50105 0.00
5010501 0.00
502 293548.02
50201 245984.31
5020101 13103.05
5020102 2806.67
5020103 925.07
5020104 0.00
5020105 0.00
5020106 0.00
5020107 0.00
5020108 0.00
5020109 0.00
5020110 0.00
5020111 0.00
5020112 0.00
5020113 0.00
5020114 195.20
5020115 0.00
5020116 0.00
5020117 0.00
5020118 0.00
5020119 0.00
5020120 13356.64
502012001 13356.64
502012002 0.00
502012003 0.00
5020121 0.00
502012101 0.00
502012102 0.00
5020122 0.00
502012201 0.00
502012202 0.00
502012203 0.00
502012204 0.00
502012205 0.00
502012206 0.00
502012207 0.00
5020123 0.00
502012301 0.00
502012302 0.00
502012303 0.00
5020124 0.00
5020125 0.00
5020126 0.00
5020127 89671.08
5020128 125926.60
50202 47558.31
5020201 17623.47
5020202 464.87
5020203 6619.57
5020204 0.00
5020205 14707.62
5020206 0.00
5020207 0.00
5020208 3377.80
5020209 0.00
5020210 0.00
5020211 0.00
5020212 1508.21
5020213 0.00
5020214 938.58
5020215 0.00
5020216 0.00
5020217 0.00
5020218 731.19
5020219 0.00
5020220 135.55
5020221 0.00
502022101 0.00
502022102 0.00
502022103 0.00
5020222 0.00
502022201 0.00
502022202 0.00
5020223 0.00
502022301 0.00
502022302 0.00
502022303 0.00
502022304 0.00
502022305 0.00
502022306 0.00
502022307 0.00
5020224 0.00
502022401 0.00
502022402 0.00
502022403 0.00
5020225 0.00
5020226 0.00
5020227 0.00
5020228 861.69
5020229 589.76
50203 5.40
5020301 0.00
502030101 0.00
502030102 0.00
502030103 0.00
502030104 0.00
5020302 5.40
502030201 5.40
50203020101 0.00
50203020103 0.00
50203020104 5.40
50203020105 0.00
50203020106 0.00
5020303 0.00
502030301 0.00
502030302 0.00
502030303 0.00
502030304 0.00
502030305 0.00
502030306 0.00
502030307 0.00
502030308 0.00
5020304 0.00
502030401 0.00
502030402 0.00
502030403 0.00
502030404 0.00
5020305 0.00
502030501 0.00
502030502 0.00
502030503 0.00
502030504 0.00
5020306 0.00
5020307 0.00
5020308 0.00
5020309 0.00
5020310 0.00
5020311 0.00
5020312 0.00
50204 0.00
5020401 0.00
5020402 0.00
600 0.00
601 0.00
602 0.00
603 0.00
604 0.00
605 0.00
606 0.00
607 0.00
700 0.00
701 0.00
702 0.00
703 0.00
704 0.00
705 0.00
706 0.00
707 0.00
800 0.00
80001 0.00
80002 0.00
80003 0.00
80004 0.00
80005 0.00
80006 0.00
80007 0.00
80008 0.00
80009 0.00
801 0.00
80101 0.00
80102 0.00
